2025010106 0
2025010806 0
2025010812 2
2025011506 0
2025012006 1
2025012206 0
2025012212 2
2025012706 4
2025012906 0
2025020506 0
2025020512 2
2025021206 0
2025021706 1
2025021906 0
2025021912 2
2025022606 0
2025030506 0
2025030512 2
2025031206 0
2025031706 1
2025031906 0
2025031912 2
2025032412 3
2025032606 0
2025040206 0
2025040212 2
2025040712 3
2025040906 0
2025041406 1
2025041606 0
2025041612 2
2025042112 3
2025042306 0
2025042806 4
2025043006 0
2025043012 2
2025050512 3
2025050706 0
2025051206 1
2025051406 0
2025051412 2
2025051912 3
2025052106 0
2025052806 0
2025052812 2
2025060212 3
2025060406 0
2025060906 1
2025061106 0
2025061112 2
2025061612 3
2025061806 0
2025062506 0
2025062512 2
2025063012 3
2025070206 0
2025070706 1
2025070906 0
2025070912 2
2025071412 3
2025071606 0
2025072306 0
2025072312 2
2025072812 3
2025072806 4
2025073006 0
2025080406 1
2025080606 0
2025080612 2
2025081112 3
2025081306 0
2025082006 0
2025082012 2
2025082512 3
2025082706 0
2025090106 1
2025090306 0
2025090312 2
2025090812 3
2025091006 0
2025091706 0
2025091712 2
2025092212 3
2025092406 0
2025092906 1
2025100106 0
2025100112 2
2025100612 3
2025100806 0
2025101506 0
2025101512 2
2025102012 3
2025102206 0
2025102706 1
2025102706 4
2025102906 0
2025102912 2
2025110312 3
2025110506 0
2025111206 0
2025111212 2
2025111712 3
2025111906 0
2025112406 1
2025112606 0
2025112612 2
2025120112 3
2025120306 0
2025121006 0
2025121012 2
2025121512 3
2025121706 0
2025122206 1
2025122406 0
2025122412 2
2025122912 3
2025123106 0
